    status age
1        0  48
2        0  36
3        0  35
4        0  33
5        0  46
6        1  24
7        0  35
8        1  33
9        0  41
10       0  49
11       0  47
12       1  44
13       0  54
14       0  42
15       1  26
16       0  50
17       1  41
18       0  30
19       1  17
20       1  34
21       1  37
22       1  41
23       0  41
24       0  33
25       0  39
26       0  40
27       0  40
28       0  55
29       1  45
30       0  45
31       0  45
32       0  49
33       0  47
34       1  29
35       1  42
36       0  42
37       0  60
38       0  40
39       0  52
40       0  50
41       0  45
42       1  39
43       0  38
44       0  41
45       0  37
46       0  43
47       0  49
48       0  54
49       0  50
50       0  55
51       1  18
52       0  44
53       0  43
54       0  36
55       0  49
56       1  30
57       0  51
58       0  38
59       0  42
60       0  38
61       0  47
62       0  39
63       0  57
64       0  56
65       0  33
66       0  51
67       0  45
68       0  53
69       0  48
70       0  37
71       0  40
72       0  51
73       1  23
74       1  22
75       0  52
76       0  57
77       0  41
78       0  33
79       1  42
80       0  43
81       0  45
82       1  26
83       0  57
84       0  40
85       0  37
86       0  40
87       0  54
88       0  40
89       0  43
90       0  45
91       0  43
92       0  45
93       1  34
94       0  57
95       0  53
96       0  46
97       0  52
98       0  35
99       1  27
100      0  39
101      0  47
102      1  23
103      0  50
104      0  43
105      0  40
106      0  56
107      0  40
108      0  44
109      0  44
110      0  42
111      1  41
112      0  43
113      0  31
114      0  35
115      0  48
116      0  50
117      0  43
118      1  29
119      0  36
120      0  35
121      0  53
122      1  37
123      0  51
124      0  39
125      0  43
126      0  60
127      0  51
128      1  28
129      0  25
130      0  50
131      0  46
132      0  37
133      0  55
134      0  43
135      1  28
136      0  49
137      0  29
138      0  53
139      0  48
140      0  51
141      0  33
142      1  35
143      0  41
144      1  27
145      0  39
146      0  47
147      0  33
148      0  53
149      0  42
150      0  56
151      0  46
152      0  46
153      0  43
154      0  52
155      0  48
156      0  33
157      0  47
158      0  55
159      0  36
160      0  56
161      1  33
162      0  44
163      0  29
164      0  47
165      0  43
166      0  54
167      0  47
168      0  54
169      1  29
170      1  22
171      0  32
172      0  34
173      0  35
174      0  36
175      0  52
176      1  32
177      0  39
178      0  57
179      0  47
180      0  40
181      1  29
182      0  51
183      0  54
184      0  48
185      1  34
186      0  35
187      0  51
188      1  38
189      0  38
190      0  31
191      0  47
192      0  41
193      0  60
194      0  42
195      0  43
196      0  49
197      1  41
198      1  35
199      0  44
200      0  49
201      0  36
202      0  46
203      0  45
204      0  43
205      1  43
206      0  43
207      0  48
208      0  37
209      0  40
210      0  48
211      0  48
212      0  48
213      0  54
214      1  37
215      1  39
216      0  41
217      0  49
218      0  47
219      0  42
220      0  42
221      0  56
222      0  49
223      0  48
224      0  51
225      1  16
226      0  43
227      0  38
228      0  48
229      0  54
230      0  47
231      0  39
232      0  51
233      0  44
234      0  46
235      0  48
236      0  37
237      1  41
238      1  33
239      0  45
240      0  43
241      1  31
242      0  44
243      0  36
244      0  44
245      1  36
246      1  12
247      0  48
248      1  40
249      0  47
250      0  38
251      0  36
252      0  52
253      0  41
254      0  36
255      0  33
256      0  45
257      0  58
258      0  44
259      0  54
260      0  37
261      0  56
262      1  29
263      0  34
264      0  44
265      0  46
266      0  46
267      0  47
268      0  40
269      0  52
270      1  36
271      0  44
272      0  49
273      0  61
274      0  55
275      1  28
276      0  39
277      0  45
278      0  40
279      0  57
280      0  41
281      0  53
282      1  39
283      0  45
284      1  33
285      0  43
286      0  38
287      0  59
288      0  42
289      1  22
290      0  47
291      0  40
292      0  44
293      1  31
294      1  13
295      0  58
296      0  43
297      0  53
298      0  45
299      0  45
300      0  51
301      0  41
302      0  51
303      0  47
304      0  45
305      1  12
306      0  46
307      0  55
308      1  31
309      0  57
310      0  41
311      1  22
312      0  33
313      0  56
314      1  36
315      0  42
316      0  38
317      1  41
318      0  49
319      0  46
320      0  41
321      0  39
322      0  51
323      0  45
324      0  48
325      0  44
326      0  47
327      0  43
328      1  24
329      0  36
330      0  51
331      0  45
332      0  40
333      0  32
334      0  54
335      0  41
336      0  37
337      0  41
338      1  40
339      0  38
340      1  28
341      1  33
342      0  47
343      0  42
344      0  45
345      0  48
346      0  52
347      0  40
348      0  45
349      0  40
350      1  30
351      0  44
352      0  49
353      0  50
354      1  32
355      0  46
356      0  40
357      0  54
358      0  50
359      0  44
360      0  48
361      1  26
362      0  41
363      0  43
364      0  47
365      0  52
366      0  47
367      0  48
368      0  53
369      0  42
370      0  50
371      0  47
372      0  43
373      1  36
374      0  41
375      0  50
376      0  41
377      0  41
378      0  35
379      0  46
380      0  45
381      0  59
382      1  15
383      0  37
384      0  41
385      1  47
386      0  56
387      0  36
388      0  41
389      1  21
390      1  27
391      1  25
392      0  53
393      0  48
394      0  50
395      0  47
396      0  53
397      0  49
398      0  57
399      1  40
400      0  43
401      0  47
402      0  52
403      0  52
404      0  44
405      0  52
406      0  44
407      1  37
408      0  61
409      0  42
410      0  37
411      0  41
412      0  50
413      0  31
414      1  40
415      0  50
416      0  43
417      0  39
418      0  44
419      0  49
420      0  49
421      0  43
422      0  54
423      0  41
424      0  43
425      0  44
426      0  47
427      1  33
428      0  47
429      0  52
430      0  66
431      0  54
432      0  53
433      0  57
434      0  38
435      0  44
436      0  45
437      1  23
438      0  52
439      0  38
440      1  36
441      0  49
442      1  38
443      0  53
444      0  45
445      0  60
446      0  45
447      0  46
448      0  41
449      1  23
450      0  41
451      0  38
452      1  26
453      0  46
454      0  37
455      0  42
456      0  42
457      0  36
458      0  46
459      0  55
460      0  50
461      0  47
462      0  41
463      0  54
464      0  44
465      0  49
466      1  35
467      0  38
468      0  43
469      1  33
470      0  39
471      0  37
472      0  41
473      0  45
474      0  38
475      0  45
476      1  25
477      0  33
478      0  46
479      0  43
480      0  38
481      0  43
482      0  45
483      0  34
484      0  42
485      0  37
486      0  55
487      0  44
488      0  50
489      0  33
490      0  40
491      0  61
492      1  18
493      0  46
494      1  41
495      0  43
496      0  38
497      0  21
498      1  35
499      0  45
500      0  55